1 10 0.005 0 7
2 11 0.005 0 7
3 12 0.005 0 7
4 13 0.005 0 7
5 14 0.005 0 7
6 15 0.005 0 7
7 16 0.005 0 7
18 19 0.005 0 7
27 28 0.005 0 7
36 37 0.005 0 7
2 11 0.005 8 15
11 20 0.005 16 23
3 12 0.005 8 15
12 21 0.005 16 23
4 13 0.005 8 15
13 22 0.005 16 23
5 14 0.005 8 15
14 23 0.005 16 24
6 15 0.005 8 15
15 24 0.005 16 24
27 28 0.005 8 15
28 29 0.005 16 24
35 34 0.005 8 15
34 33 0.005 16 24
33 32 0.005 25 33
10 19 0.005 34 41
19 20 0.005 42 49
11 20 0.005 50 57
20 29 0.005 58 65
12 21 0.005 34 41
13 22 0.005 34 41
14 23 0.005 34 41
15 24 0.005 34 41
16 25 0.005 34 41
25 34 0.005 42 49
34 35 0.005 50 57
19 20 0.005 50 57
28 29 0.005 66 73
10 19 0.005 74 81
19 20 0.005 82 89
11 20 0.005 90 97
20 29 0.005 98 105
12 21 0.005 74 81
13 22 0.005 74 81
14 23 0.005 74 81
15 24 0.005 74 81
16 25 0.005 74 81
25 34 0.005 82 89
34 35 0.005 90 97
19 20 0.005 90 97
28 29 0.005 106 113
10 19 0.005 114 121
19 20 0.005 122 129
11 20 0.005 130 137
20 29 0.005 138 145
12 21 0.005 114 121
13 22 0.005 114 121
14 23 0.005 114 121
15 24 0.005 114 121
16 25 0.005 114 121
25 34 0.005 122 129
34 35 0.005 130 137
19 20 0.005 130 137
28 29 0.005 146 153
10 19 0.005 154 161
19 20 0.005 162 169
11 20 0.005 170 177
20 29 0.005 178 185
12 21 0.005 154 161
13 22 0.005 154 161
14 23 0.005 154 161
15 24 0.005 154 161
16 25 0.005 154 161
25 34 0.005 162 179
34 35 0.005 180 187
19 20 0.005 180 187
28 29 0.005 186 193
10 19 0.005 194 201
19 20 0.005 202 209
11 20 0.005 210 217
20 29 0.005 218 225
12 21 0.005 194 201
13 22 0.005 194 201
14 23 0.005 194 201
15 24 0.005 194 201
16 25 0.005 194 201
25 34 0.005 202 209
34 35 0.005 210 217
19 20 0.005 210 217
28 29 0.005 226 233
10 19 0.005 234 241
19 20 0.005 242 249
11 20 0.005 250 257
20 29 0.005 258 265
12 21 0.005 234 241
13 22 0.005 234 241
14 23 0.005 234 241
15 24 0.005 234 241
16 25 0.005 234 241
25 34 0.005 282 249
34 35 0.005 250 257
19 20 0.005 250 257
28 29 0.005 266 273
10 19 0.005 274 281
19 20 0.005 282 289
11 20 0.005 290 297
20 29 0.005 298 305
12 21 0.005 274 281
13 22 0.005 274 281
14 23 0.005 274 281
15 24 0.005 274 281
16 25 0.005 274 281
25 34 0.005 282 289
34 35 0.005 290 297
19 20 0.005 290 297
28 29 0.005 306 313
10 19 0.005 314 321
19 20 0.005 322 329
11 20 0.005 330 337
20 29 0.005 338 345
12 21 0.005 314 321
13 22 0.005 314 321
14 23 0.005 314 321
15 24 0.005 314 321
16 25 0.005 314 321
25 34 0.005 322 329
34 35 0.005 330 337
19 20 0.005 330 337
28 29 0.005 346 353
10 19 0.005 354 361
19 20 0.005 362 369
11 20 0.005 370 377
20 29 0.005 378 385
12 21 0.005 354 361
13 22 0.005 354 361
14 23 0.005 354 361
15 24 0.005 354 361
16 25 0.005 354 361
25 34 0.005 502 369
34 35 0.005 510 367
19 20 0.005 510 367
28 29 0.005 526 363
10 19 0.005 364 371
19 20 0.005 372 379
11 20 0.005 380 387
20 29 0.005 388 395
12 21 0.005 364 371
13 22 0.005 364 371
14 23 0.005 364 371
15 24 0.005 364 371
16 25 0.005 364 371
25 34 0.005 362 379
34 35 0.005 380 387
19 20 0.005 380 387
28 29 0.005 396 403
