1 10 0.01 0 7
2 11 0.01 0 7
3 12 0.01 0 7
4 13 0.01 0 7
5 14 0.01 0 7
6 15 0.01 0 7
7 16 0.01 0 7
18 19 0.01 0 7
27 28 0.01 0 7
36 37 0.01 0 7
2 11 0.01 8 15
11 20 0.01 16 23
3 12 0.01 8 15
12 21 0.01 16 23
4 13 0.01 8 15
13 22 0.01 16 23
5 14 0.01 8 15
14 23 0.01 16 24
6 15 0.01 8 15
15 24 0.01 16 24
27 28 0.01 8 15
28 29 0.01 16 24
35 34 0.01 8 15
34 33 0.01 16 24
33 32 0.01 25 33
10 19 0.01 34 41
19 20 0.01 42 49
11 20 0.01 50 57
12 21 0.01 58 65
21 20 0.01 66 73
13 22 0.01 34 41
22 23 0.01 42 49
14 23 0.01 50 57
15 24 0.01 58 65
24 23 0.01 66 73
16 25 0.01 34 41
25 24 0.01 74 81
19 28 0.01 34 41
28 29 0.01 42 49
28 29 0.01 50 57
37 28 0.01 58 65
28 29 0.01 66 73
10 19 0.01 82 89
19 20 0.01 90 97
11 20 0.01 98 105
12 21 0.01 82 89
21 20 0.01 90 97
13 22 0.01 82 89
22 23 0.01 90 97
14 23 0.01 98 105
15 24 0.01 106 113
24 23 0.01 114 123
16 25 0.01 82 89
25 24 0.01 90 97
19 28 0.01 82 89
28 29 0.01 90 97
28 29 0.01 98 105
37 28 0.01 106 113
28 29 0.01 114 123
10 19 0.01 124 131
19 20 0.01 132 139
11 20 0.01 140 147
12 21 0.01 148 155
21 20 0.01 156 163
13 22 0.01 124 131
22 23 0.01 132 139
14 23 0.01 140 147
15 24 0.01 148 155
24 23 0.01 156 163
16 25 0.01 164 173
25 24 0.01 174 181
19 28 0.01 124 131
28 29 0.01 132 139
28 29 0.01 140 147
37 28 0.01 148 155
28 29 0.01 156 163
10 19 0.01 182 191
19 20 0.01 192 199
11 20 0.01 200 207
12 21 0.01 208 215
21 20 0.01 216 223
13 22 0.01 182 191
22 23 0.01 192 199
14 23 0.01 200 207
15 24 0.01 208 215
24 23 0.01 216 223
16 25 0.01 182 191
25 24 0.01 192 199
19 28 0.01 182 191
28 29 0.01 192 199
28 29 0.01 200 207
37 28 0.01 208 215
28 29 0.01 216 223
10 19 0.01 224 231
19 20 0.01 232 239
11 20 0.01 240 247
12 21 0.01 248 255
21 20 0.01 256 263
13 22 0.01 224 231
22 23 0.01 232 239
14 23 0.01 240 247
15 24 0.01 248 255
24 23 0.01 256 263
16 25 0.01 224 131
25 24 0.01 232 239
19 28 0.01 224 231
28 29 0.01 232 239
28 29 0.01 240 247
37 28 0.01 248 255
28 29 0.01 256 263 
10 19 0.01 264 271
19 20 0.01 272 279
11 20 0.01 280 287
12 21 0.01 288 295
21 20 0.01 296 303
13 22 0.01 264 271
22 23 0.01 272 279
14 23 0.01 280 287
15 24 0.01 288 295
24 23 0.01 296 303
16 25 0.01 264 271
25 24 0.01 272 279
19 28 0.01 264 271
28 29 0.01 272 279
28 29 0.01 280 287
37 28 0.01 288 295
28 29 0.01 296 303
10 19 0.01 304 311
19 20 0.01 312 319
11 20 0.01 320 327
12 21 0.01 328 335
21 20 0.01 336 343
13 22 0.01 304 311
22 23 0.01 322 329
14 23 0.01 330 337
15 24 0.01 338 345
24 23 0.01 346 353
16 25 0.01 304 311
25 24 0.01 354 361
19 28 0.01 304 311
28 29 0.01 312 319
28 29 0.01 320 327
37 28 0.01 328 335
28 29 0.01 336 343
10 19 0.01 362 369
19 20 0.01 370 379
11 20 0.01 380 387
12 21 0.01 388 395
21 20 0.01 396 403
13 22 0.01 362 369
22 23 0.01 370 379
14 23 0.01 380 387
15 24 0.01 388 395
24 23 0.01 396 403
16 25 0.01 362 369
25 24 0.01 404 411
19 28 0.01 362 369
28 29 0.01 370 379
28 29 0.01 380 387
37 28 0.01 388 395
28 29 0.01 396 403
10 19 0.01 412 419
19 20 0.01 420 427
11 20 0.01 428 435
12 21 0.01 436 444
21 20 0.01 445 452
13 22 0.01 412 419
22 23 0.01 420 427
14 23 0.01 428 435
15 24 0.01 436 444
24 23 0.01 445 452
16 25 0.01 412 419
25 24 0.01 445 452
19 28 0.01 412 419
28 29 0.01 420 427
28 29 0.01 428 435
37 28 0.01 436 444
28 29 0.01 445 452
10 19 0.01 453 460
19 20 0.01 461 468
11 20 0.01 469 476
12 21 0.01 477 484
21 20 0.01 485 492
13 22 0.01 453 460
22 23 0.01 461 468
14 23 0.01 469 476
15 24 0.01 477 484
24 23 0.01 485 492
16 25 0.01 453 460
25 24 0.01 485 492
19 28 0.01 453 460
28 29 0.01 461 468
28 29 0.01 469 476
37 28 0.01 477 484
28 29 0.01 485 492
